500 500 100 1.0 45 1749.95 577.1605041060935
500 500 100 1.0 55 1390.6 68.24910255820218
500 500 100 1.0 65 1224.1 105.1165543575321
500 500 100 1.0 75 1075.3 72.1790135704278
500 500 100 1.0 85 987.65 43.02937949819867
500 500 100 1.0 95 957.55 26.854189617264563
500 500 100 1.0 105 918.5 32.80472526938764
500 500 100 1.0 115 916.7 33.22815071592158
500 500 100 1.0 125 893.0 17.77357589231835
500 500 100 1.0 135 917.05 26.657972541061707
500 500 100 1.0 145 936.75 40.79935661257417
500 500 100 1.0 155 935.8 27.299450543921207
500 500 100 1.0 165 934.75 25.623963393667264
500 500 100 1.0 175 950.3 33.673580148240845
500 500 100 1.0 185 979.55 33.30386614193613
500 500 100 1.0 195 984.25 39.35463759202973
500 500 100 1.0 205 1005.75 29.948080072017973
500 500 100 1.0 215 1040.45 43.70180202234228
500 500 100 1.0 135 922.05 32.06941689522901
500 500 100 1.0 145 920.8 30.666920288806303
500 500 100 1.0 155 935.9 38.228131003228505
500 500 100 1.0 165 941.6 26.006537639601316
500 500 100 1.0 175 951.65 31.629535247929265
500 500 100 1.0 185 975.2 27.538336914200173
500 500 100 1.0 135 913.65 26.663223736075125
500 500 100 1.0 145 924.1 34.38589827240231
